benchmark,project,bug,tool,seed,java_version,build_type,checkout,apply,compile,num_tests,num_failing_tests,plausible
Defects4J,Lang,50,Arja,0,8,benchmark,1,1,1,1720,0,1
